分页逻辑:
1.常量
    total:总数
    currPage:当前页面数
    pageSize:每页的数量
    showPageNum:显示数量

TODO: 未完成,有空在写.


**********  情况1  总页数<showPageNum **********

1 2 3 4 5 6 7 8 9 10                总页数<showPageNum


**********  情况2  总页数>showPageNum  体验性较好**********

1(cur) 2 3 4 5 6 7 8 9          .....   38 39 40   1  - 8    1      (9-1)

7 8 9(cur) 10 11 12 13 14 15    .....   38 39 40   9  - 14   9              9 + 6 - 1               0 1 2 3 4 5

13 14 15(cur) 16 17 18 19 20 21 .....   38 39 40   15 - 20   9 + 6          9 + 6 * 2 - 1           6 7 8 0 1 2

19 20 21(cur) 22 23 24 25 26 27 .....   38 39 40   21 - 26   9 + 6 * 2      9 + 6 * 3 - 1           3 4 5 6 7 8

25 26 27(cur) 28 29 30 31 32 33  ....   38 39 40   27 - 32                                          0 2


1 2 3 .... 31 32 33 34 35 36 37 38 39 40


page % 9

**********  情况2-1 总页数>showPageNum  **********
1(cur) 2 3 4 5 6 7 8 9          .....   38 39 40   1  - 8    1      (9-1)

9(cur) 10 11 12 13 14 15 16 17  .....   38 39 40   9  - 14   9              9 + 6 - 1               0 1 2 3 4 5

17(cur)  18 19 20 21 22 23 24   .....   38 39 40   15 - 20   9 + 6          9 + 6 * 2 - 1           6 7 8 0 1 2

24(cur)  25 26 27 28 29 30 31   .....   38 39 40   21 - 26   9 + 6 * 2      9 + 6 * 3 - 1           3 4 5 6 7 8

31(cur)  32 33 34 35 36 37 38  ....   38 39 40   27 - 32                                          0 2


**********  情况2-2 总页数>showPageNum  **********

1(cur) 2 3 4 5 6 7 8 9          .....   38 39 40   1  - 8    1      (9-1)

3 4 5 6(cur) 7 8 9              .....   38 39 40   1  - 8    1      (9-1)
3 4 5 6 7(cur) 8 9 10 11        .....

9(cur) 10 11 12 13 14 15 16 17  .....   38 39 40   9  - 14   9              9 + 6 - 1               0 1 2 3 4 5

17(cur)  18 19 20 21 22 23 24   .....   38 39 40   15 - 20   9 + 6          9 + 6 * 2 - 1           6 7 8 0 1 2

24(cur)  25 26 27 28 29 30 31   .....   38 39 40   21 - 26   9 + 6 * 2      9 + 6 * 3 - 1           3 4 5 6 7 8

31(cur)  32 33 34 35 36 37 38  ....   38 39 40   27 - 32                                          0 2

*************************************************************


0 - 9
10 -19
20 - 29
pageSize = 10
cuurPageNum = 2
*************************************************************